w = tf(0.1318, [0.02 1]);
w = w * tf(1, [1.6129e-04 1]);
w = w * tf(1, [1 0]);

P = 1600;
I = tf([76], [1 0]);
D = tf([40 0], [0.0000000001 1]);
PID = P + I + D;

W = tf([5.272 210.9 10.02], [3.226e-06 0.02016 1 0 0]);